%YAML:1.0
---
K: !!opencv-matrix
   rows: 3
   cols: 3
   dt: d
   data: [ 1.0483484574536001e+03, 0., 2.5100655696617960e+02, 0.,
       1.0598696367143295e+03, 3.0357002324302437e+02, 0., 0., 1. ]
D: !!opencv-matrix
   rows: 1
   cols: 5
   dt: d
   data: [ -5.8467001513763991e-03, 1.6036316236164164e-01,
       7.0367431955830630e-04, -1.7248727159757265e-02,
       -4.1226782516372140e-01 ]
